,NODE,AVG,STDDEV,MSE,MAE,MAPE,RMSE,EV
0,0,586.2245,302.10443,52043.777,178.0431,1.0458202e+16,228.13106,0.45343685150146484
1,1,443.9609,325.32227,96777.14,248.45998,1.5705952e+17,311.09024,0.1955815553665161
2,2,784.5025,354.2095,82891.64,225.6778,5.269305e+16,287.9091,0.3432862162590027
3,3,729.13776,384.85095,61849.527,170.8624,1010962960000000.0,248.69565,0.583219051361084
4,4,274.19473,166.39223,12975.648,83.99433,2.4872168e+16,113.910706,0.5313522815704346
5,5,1341.9609,800.09467,151542.25,304.5186,1.2377815e+17,389.28427,0.7675374150276184
6,6,2369.319,1143.4784,202067.28,355.48306,1392914300000000.0,449.51895,0.8485040664672852
7,7,1079.7225,502.33392,76875.21,215.19319,4188698500000000.0,277.2638,0.6977907419204712
8,8,1723.888,797.3515,170005.67,321.1108,4.9158873e+16,412.31744,0.7430324554443359
9,9,1144.897,583.30963,124889.16,253.40619,1.6480046e+16,353.3966,0.6341747045516968
10,10,1351.9331,709.55133,142218.05,301.44458,1.4338133e+17,377.11807,0.7346554398536682
11,Average,1075.4312,551.7271,106739.58,241.654,5.3133994e+16,313.51233,0.593870070847598
12,Standard Deviation,582.4395,274.59845,53972.766,74.98577,5.6972677e+16,91.92161,0.18941588242698665
