,NODE,AVG,STDDEV,MSE,MAE,MAPE,RMSE,EV
0,0,586.2245,302.10443,48501.8082561705,165.51,8.843E+15,220.23,0.46914637254056
1,1,443.9609,325.32227,79879.0964032099,217.77,1.568E+17,282.63,0.268076550188471
2,2,784.5025,354.2095,76527.7631439874,216.88,5.290E+16,276.64,0.390168526514603
3,3,729.13776,384.85095,64364.807686839,174.56,7.814E+14,253.70,0.572072852240996
4,4,274.19473,166.39223,11959.6492510639,80.40,2.183E+16,109.36,0.573073772840931
5,5,1341.9609,800.09467,155886.918782227,301.17,8.000E+16,394.83,0.760479796046098
6,6,2369.319,1143.4783,193101.681388493,342.24,1.164E+15,439.43,0.855804280171958
7,7,1079.7225,502.33392,68092.0051557555,194.97,3.361E+15,260.94,0.731683338044576
8,8,1723.888,797.3515,167500.65225802,315.27,3.723E+16,409.27,0.739717004176554
9,9,1144.897,583.30963,131084.031598154,260.77,1.603E+16,362.06,0.617393427185812
10,10,1351.9331,709.55133,130201.463737913,279.62,1.099E+17,360.83,0.742683755086214
11,11,1147.2064,443.27185,117114.325369495,258.02,2.802E+15,342.22,0.410828564292971
12,12,1129.2291,514.7746,164347.07510823,308.47,8.292E+15,405.40,0.380745693979056
13,13,1871.8838,694.4047,168924.032889767,317.84,2.202E+16,411.00,0.649941848332429
14,Average,1141.2902,551.5321,112677.52221638,245.25,3.728E+16,323.47,0.582986841545802
15,Standard Deviation,555.0581,248.26997,52648.9720721151,71.17,4.564E+16,89.70,0.169840759624088
