,NODE,AVG,STDDEV,MSE,MAE,MAPE,RMSE,EV
0,0,586.2245,302.10443,49473.3052325184,165.44981170813,7797930250824367,222.425954493891,0.466668310115775
1,1,443.9609,325.32227,79803.8866707319,217.911605223696,1.56804231518117E+017,282.495817085372,0.269512050583586
2,2,784.5025,354.2095,76990.9106826199,217.230044220815,5.03264956758479E+016,277.472360213806,0.386732809985466
3,3,729.13776,384.85095,64189.174579499,174.323482826735,801601476917085,253.355826022413,0.572721862770168
4,4,274.19473,166.39223,12144.7274305805,80.8495973490147,2.04026808436934E+016,110.203118969385,0.572846445563368
5,5,1341.9609,800.09467,157487.675221414,301.387937276462,6.24643047334593E+016,396.847168594427,0.755861823463523
6,6,2369.319,1143.4784,190001.616195445,339.283194068201,1.17166521876459E+015,435.891748253445,0.856116811458099
7,7,1079.7225,502.33392,68344.573235073,195.332846861942,3317437373142524,261.427950370791,0.731244148592885
8,8,1723.888,797.3515,168503.060751377,316.17474913354,3.81222455604946E+016,410.49124320913,0.737767582265648
9,9,1144.897,583.30963,131140.629842936,260.881131462584,1.5915488347831E+016,362.133442038892,0.618129827028342
10,10,1351.9331,709.55133,130837.738112863,280.592375595603,1.15729842659389E+017,361.714995698082,0.741656031312605
11,Average,1075.4312,551.7271,102628.845268642,231.765161429702,4.29867203325891E+016,306.769056813603,0.609932518467224
12,Standard Deviation,582.4395,274.59845,53458.3585756643,73.2167125962112,4.88836986168501E+016,92.3124642198113,0.170391930808743
