,NODE,AVG,STDDEV,MSE,MAE,MAPE,RMSE,EV
0,0,1521.8842,768.29944,142591.15772387732,282.6092441315424,6237240135458876.0,377.6124438149216,0.7614780632379974
1,1,1282.4238,550.58435,181424.50735539972,329.42194533010013,3.294042924363133e+16,425.93955833592133,0.40244254470187557
2,2,1147.2064,443.27185,116802.21919163322,257.80914175628686,2821550492262777.5,341.7633965064621,0.4114868354787268
3,3,1129.2291,514.7746,164850.9379493785,309.14427890814875,8349720133756726.0,406.01839607261456,0.37840279698027535
4,4,1871.8838,694.4047,170009.61740174907,318.79944707840696,2.169549857508317e+16,412.322225209543,0.6476531893371804
5,5,1354.0795,725.621,86950.23702086274,215.94930286383627,3038995340400907.5,294.8732558589584,0.8368562028467994
6,6,511.6006,483.86554,143113.71985724915,276.58228665671936,2.746375266441943e+17,378.30374021049425,0.40816397505217905
7,7,1144.897,583.30963,132145.318616846,262.0743763790474,1.5261164708781988e+16,363.5179756447348,0.6167576178723648
8,8,1351.9331,709.55133,129904.29685553638,279.00497683389074,1.0523917349840181e+17,360.4223867291492,0.7434416316625022
9,Average,1257.2377,608.1869,140865.7791080591,281.2661111042199,5.2246810974663544e+16,373.4192642647555,0.5785203174633223
10,Standard Deviation,343.81775,111.778854,27406.067616724606,32.861021146101095,8.42271918898132e+16,37.73370090552801,0.17049709120282314
