,AVG,STDDEV,NODE,MSE,MAE,MAPE,RMSE,EV
0,1521.8842,768.29944,0,137407.03,275.71814,6158777500000000.0,370.68454,0.7674363851547241
1,1282.4238,550.58435,1,177353.98,325.16394,3.3201725e+16,421.13416,0.41541194915771484
2,1147.2064,443.27185,2,112860.4,255.90005,2962261000000000.0,335.94702,0.42708712816238403
3,1129.2291,514.7746,3,157172.14,303.09225,8388734000000000.0,396.44943,0.40848714113235474
4,1871.8838,694.4047,4,160173.28,310.3725,2.095255e+16,400.21655,0.6689881086349487
5,1354.0795,725.621,5,80333.375,209.3569,3375313300000000.0,283.43143,0.8480212688446045
6,511.6006,483.86554,6,136169.55,276.08444,3.4093876e+17,369.01157,0.4212777614593506
7,1144.897,583.30963,7,129630.31,261.25195,1.854987e+16,360.04208,0.623849630355835
8,1351.9331,709.55133,8,122521.23,276.17303,1.3340885e+17,350.03033,0.7585785388946533
9,1257.2377,608.1869,Average,134846.81,277.01257,6.3104095e+16,365.21637,0.5932375457551744
10,343.81775,111.778854,Standard Deviation,27058.092,32.29423,1.055209e+17,38.260048,0.16739960713045438
