,NODE,AVG,STDDEV,MSE,MAE,MAPE,RMSE,EV
0,0,586.2245,302.10443,52563.285,181.16087,1.0751571e+16,229.26685,0.46215903759002686
1,1,443.9609,325.32227,114855.36,270.618,1.5680536e+17,338.90317,0.09711587429046631
2,2,784.5025,354.2095,83288.086,227.33191,5.6071928e+16,288.59674,0.36364495754241943
3,3,729.13776,384.85095,62216.38,170.76614,844225600000000.0,249.43211,0.5802745819091797
4,4,274.19473,166.39223,13358.145,89.39842,3.1273568e+16,115.57744,0.5693314075469971
5,5,1341.9609,800.09467,138781.2,289.9238,1.1837834e+17,372.53348,0.7833435535430908
6,6,2369.319,1143.4784,219014.52,371.42398,1477764300000000.0,467.98987,0.8366481065750122
7,7,1079.7225,502.33392,70602.32,208.94292,4516611000000000.0,265.71097,0.7238067388534546
8,8,1723.888,797.3515,160060.5,312.21365,4.581881e+16,400.07562,0.7531958818435669
9,9,1144.897,583.30963,126758.12,260.63092,1.7843758e+16,356.03107,0.6281555891036987
10,10,1351.9331,709.55133,123133.31,276.59164,1.6120717e+17,350.90356,0.7557893395423889
11,Average,1075.4312,551.7271,105875.57,241.72748,5.499901e+16,312.27463,0.5957695516673002
12,Standard Deviation,582.4395,274.59845,54519.348,73.67614,5.877078e+16,91.433716,0.20940747560791195
