,NODE,AVG,STDDEV,MSE,MAE,MAPE,RMSE,EV
0,0,586.2245,302.10443,49413.734,172.20798,1.0560226e+16,222.292,0.4640624523162842
1,1,443.9609,325.32227,123277.69,275.68567,1.2288919e+17,351.10922,0.16361254453659058
2,2,784.5025,354.2095,81461.39,225.02975,5.1251462e+16,285.41443,0.35388433933258057
3,3,729.13776,384.85095,65300.52,174.10179,861706100000000.0,255.53966,0.5631096363067627
4,4,274.19473,166.39223,12708.83,84.52277,2.800164e+16,112.733444,0.5435497760772705
5,5,1341.9609,800.09467,142198.67,293.96396,1.2517515e+17,377.09238,0.7788233757019043
6,6,2369.319,1143.4784,207023.75,356.5074,1254884800000000.0,454.99863,0.8500193953514099
7,7,1079.7225,502.33392,70936.92,205.2667,3644564600000000.0,266.33987,0.7188904285430908
8,8,1723.888,797.3515,160416.33,312.4765,4.6320836e+16,400.52008,0.7533745169639587
9,9,1144.897,583.30963,125786.46,257.89255,1.634138e+16,354.66388,0.6303395628929138
10,10,1351.9331,709.55133,125599.97,280.9932,1.477962e+17,354.40085,0.7540006041526794
11,Average,1075.4312,551.7271,105829.48,239.8771,5.0372476e+16,312.2822,0.597606057470495
12,Standard Deviation,582.4395,274.59845,53038.918,73.5804,5.278914e+16,91.15533,0.1978873146022382
