,NODE,AVG,STDDEV,MSE,MAE,MAPE,RMSE,EV
0,0,586.2245,302.10443,46519.406,164.62201,9201475000000000.0,215.68358,0.4950997233390808
1,1,443.9609,325.32227,119065.16,273.02362,1.3184111e+17,345.0582,0.14230382442474365
2,2,784.5025,354.2095,77796.71,219.27336,5.1819373e+16,278.92062,0.3806345462799072
3,3,729.13776,384.85095,61037.652,168.50093,863208000000000.0,247.058,0.5879972577095032
4,4,274.19473,166.39223,12633.491,83.365364,2.1220042e+16,112.3988,0.5444841384887695
5,5,1341.9609,800.09467,139428.2,292.0261,1.3879003e+17,373.40085,0.7824490666389465
6,6,2369.319,1143.4784,201632.45,354.15045,1397317300000000.0,449.03503,0.8481528162956238
7,7,1079.7225,502.33392,67903.82,196.749,3269288300000000.0,260.58362,0.7349783182144165
8,8,1723.888,797.3515,154316.95,306.76285,4.5257853e+16,392.83197,0.7603839635848999
9,9,1144.897,583.30963,125298.65,255.129,1.6992216e+16,353.9755,0.6318488717079163
10,10,1351.9331,709.55133,120374.445,273.71484,1.5312648e+17,346.9502,0.7612400054931641
11,Average,1075.4312,551.7271,102364.26,235.21068,5.2161673e+16,306.8997,0.6063247756524519
12,Standard Deviation,582.4395,274.59845,51983.824,73.87135,5.6995874e+16,90.426,0.19936705295107846
