,NODE,AVG,STDDEV,MSE,MAE,MAPE,RMSE,EV
0,0,586.2245,302.10443,55614.336,188.6095,1.3423226e+16,235.82692,0.41602611541748047
1,1,443.9609,325.32227,77790.26,221.01437,2.0954615e+17,278.90906,0.28070569038391113
2,2,784.5025,354.2095,79490.77,224.96391,6.396427e+16,281.94107,0.37833458185195923
3,3,729.13776,384.85095,64262.992,178.02974,812027400000000.0,253.50146,0.5664616823196411
4,4,274.19473,166.39223,14578.726,95.61672,3.4933814e+16,120.74239,0.5463553667068481
5,5,1341.9609,800.09467,161252.33,321.1664,2.0634787e+17,401.56235,0.7541822195053101
6,6,2369.319,1143.4784,239430.52,391.18585,1631234800000000.0,489.31638,0.8235722184181213
7,7,1079.7225,502.33392,67253.195,202.41502,4557322000000000.0,259.3322,0.735510528087616
8,8,1723.888,797.3515,159234.67,311.01035,4.9894927e+16,399.0422,0.749762773513794
9,9,1144.897,583.30963,131656.94,267.3939,1.9108303e+16,362.8456,0.613093376159668
10,10,1351.9331,709.55133,131167.06,284.19833,1.5382671e+17,362.16992,0.7403284907341003
11,Average,1075.4312,551.7271,107430.16,244.14581,6.891326e+16,313.19907,0.60039391300895
12,Standard Deviation,582.4395,274.59845,60751.355,77.65276,7.762555e+16,96.62565,0.17144940138296957
