Epsilon:	0.6
Delta Squared:	1
Uses these distances
[[53.347369 -6.255022]
 [53.347474 -6.254784]
 [53.346772 -6.259125]
 [53.347122 -6.258851]
 [53.347054 -6.258609]
 [53.344705 -6.252184]
 [53.344835 -6.252252]
 [53.34922  -6.25151 ]
 [53.349175 -6.251907]]
Adjacency Matrix:
[[1.         0.         0.         0.82442232 0.93453702 0.
  0.         0.80802128 0.8513249 ]
 [0.         1.         0.         0.82376986 0.93409866 0.
  0.         0.80734939 0.85070964]
 [0.         0.         1.         0.         0.         0.
  0.         0.         0.        ]
 [0.79146552 0.         0.         1.         0.         0.
  0.         0.         0.        ]
 [0.79146552 0.         0.         0.         1.         0.
  0.         0.         0.        ]
 [0.82471204 0.71549694 0.         0.         0.         1.
  0.         0.         0.        ]
 [0.81910673 0.70910782 0.         0.         0.         0.
  1.         0.         0.        ]
 [0.73913105 0.85621309 0.         0.         0.         0.
  0.78546926 1.         0.        ]
 [0.73530474 0.85302904 0.         0.         0.         0.
  0.78183214 0.         1.        ]]